48.8
62.47
3.78
48.91
62.74
3.79
48.9
62.52
3.76
48.66
62.63
3.76
48.83
62.54
3.77
48.64
62.44
3.77
48.79
62.53
3.78
48.78
62.52
3.77
48.53
62.81
3.77
48.77
62.65
3.78
1.28
62.55
3.77
48.66
62.69
3.78
48.67
62.71
3.77
48.58
62.55
3.77
48.6
62.82
3.78
48.66
62.72
3.77
48.51
62.94
3.78
48.64
62.69
3.78
48.62
62.61
3.77
48.54
62.59
3.78
48.53
62.78
3.77
48.7
62.63
3.77
48.55
62.6
3.78
48.55
62.63
3.77
48.54
62.45
3.78
48.59
62.69
3.78
48.82
62.6
3.77
48.86
62.63
3.78
48.76
62.66
3.78
48.63
62.79
3.76
48.56
62.67
3.77
48.48
62.57
3.77
48.71
62.62
3.78
48.53
62.65
3.78
48.73
62.72
3.76
48.68
62.54
3.77
48.57
62.84
3.78
48.7
62.72
3.78
48.73
62.72
3.77
48.73
62.69
3.76
48.72
62.6
3.78
48.79
62.63
3.77
48.53
62.59
3.76
48.79
62.63
3.78
48.56
62.72
3.78
48.56
62.68
3.78
48.7
62.59
3.79
48.72
62.7
3.78
48.78
62.56
3.77
48.73
62.58
3.77
48.64
62.48
3.77
48.7
62.64
3.77
48.72
62.67
3.77
48.71
62.54
3.77
48.82
62.41
3.77
48.69
62.63
3.78
48.73
62.5
3.77
48.71
62.61
3.77
48.69
62.69
3.77
48.73
62.65
3.78
48.86
62.68
3.77
48.81
62.58
3.76
48.83
62.46
3.76
48.78
62.63
3.77
48.69
62.55
3.78
48.66
62.56
3.76
48.55
62.55
3.77
48.69
62.64
3.77
48.83
62.5
3.78
48.58
62.42
3.78
48.58
62.57
3.77
48.77
62.75
3.78
48.63
62.51
3.78
48.64
62.53
3.77
48.73
62.4
3.77
48.74
62.46
3.78
42.04
62.46
3.77
48.75
62.62
3.79
48.73
62.64
3.77
48.74
62.76
3.77
48.67
62.75
3.77
48.66
62.69
3.79
48.68
62.62
3.77
48.79
62.67
3.77
48.73
62.89
3.79
48.67
62.9
3.78
48.85
63.0
3.77
48.76
62.93
3.78
48.71
62.81
3.78
48.88
62.95
48.65
62.73
3.77
0.0
62.64
3.78
48.91
62.68
3.77
48.67
62.69
3.78
48.71
62.81
3.77
48.7
62.8
3.77
48.7
62.76
3.77
48.68
62.79
3.77
48.68
62.63
3.77
48.65
62.67
3.78
48.62
62.71
3.78
48.65
48.72
62.74
3.78
48.75
62.58
3.76
48.67
62.64
3.78
48.79
62.6
3.78
48.85
62.64
3.78
48.62
62.67
3.77
48.76
62.86
3.78
48.68
62.62
3.78
48.86
62.67
3.78
48.85
62.55
3.78
48.78
62.74
3.78
48.8
62.6
3.77
48.67
62.54
3.77
48.8
62.68
3.77
48.66
62.68
3.77
48.76
62.6
3.77
48.83
62.62
3.78
48.81
62.51
3.79
48.85
62.43
3.78
48.82
62.55
3.79
48.71
62.54
3.78
48.69
62.68
3.79
48.87
62.73
3.78
48.88
62.66
3.78
48.74
62.54
3.76
48.67
62.57
3.75
48.62
62.59
3.77
48.55
62.67
3.77
48.7
62.51
3.78
48.55
62.61
3.78
48.58
62.73
3.76
48.67
62.63
3.78
48.75
62.54
3.79
48.53
62.53
3.77
48.88
62.65
3.78
48.81
62.42
3.77
48.83
62.56
3.77
48.72
62.64
3.76
48.71
62.67
3.77
48.61
62.35
3.78
48.72
62.51
3.78
48.86
62.5
3.78
48.69
62.54
3.77
48.84
62.65
3.76
48.8
62.44
3.77
48.74
62.46
3.77
48.74
62.45
3.77
48.72
62.5
3.79
48.77
62.45
3.78
48.8
62.56
3.78
48.82
62.32
3.77
48.68
62.45
3.79
48.56
62.33
3.78
48.77
62.44
3.77
48.76
62.61
3.78
48.67
62.53
3.77
48.65
62.32
3.78
48.71
62.43
3.77
48.88
62.44
3.76
48.87
62.47
3.77
48.78
62.4
3.76
48.7
62.44
3.77
48.82
62.49
3.78
48.7
62.57
3.77
48.79
62.44
3.78
48.61
62.65
3.78
48.79
62.6
3.78
48.61
62.49
3.77
48.72
62.48
3.77
48.64
62.46
3.78
48.67
62.6
3.77
48.79
62.38
3.78
48.83
62.27
3.77
48.73
62.3
3.77
48.9
62.54
3.78
48.74
62.59
3.78
48.79
48.77
62.54
3.77
48.67
62.6
3.77
48.59
62.57
3.77
48.64
62.52
3.76
48.69
62.49
3.78
48.59
62.5
3.77
48.63
62.65
3.77
48.71
62.52
3.77
48.75
62.47
3.79
48.5
62.39
3.77
48.74
62.26
3.78
48.55
62.35
3.77
48.63
62.61
3.77
48.7
62.54
3.76
48.72
62.53
3.76
48.55
62.48
3.78
48.75
62.51
3.77
48.62
62.36
48.59
62.47
3.77
48.53
62.45
3.78
48.57
62.74
3.78
48.61
62.74
3.78
48.78
62.61
3.77
48.88
62.54
3.79
48.83
62.62
3.77
48.87
62.46
3.78
48.71
62.6
3.77
48.82
62.7
3.77
48.74
62.55
3.77
48.71
62.5
3.77
48.73
62.5
3.77
48.79
62.67
3.79
48.64
62.54
3.77
48.68
62.47
3.76
48.88
62.66
3.77
48.56
62.89
3.77
48.62
62.67
3.78
48.76
62.71
3.77
48.73
62.59
3.78
48.53
62.58
3.77
48.76
62.69
3.77
48.77
62.52
3.77
48.95
62.54
3.76
48.54
62.47
3.78
48.74
62.37
3.78
48.76
62.54
3.77
48.81
62.54
3.78
48.83
62.52
3.77
48.64
62.59
3.78
48.61
62.58
3.75
48.64
62.55
3.77
48.81
62.48
3.76
48.64
62.69
3.78
48.68
62.63
3.77
48.81
62.57
3.78
48.7
62.5
3.78
48.76
62.65
3.77
48.79
62.75
3.77
48.79
62.8
3.78
48.69
62.7
3.77
48.76
62.85
3.79
48.74
62.63
3.78
48.65
62.69
3.78
48.65
62.72
3.78
48.76
62.47
3.77
48.69
62.72
3.76
48.62
62.75
3.77
48.6
62.52
3.77
48.68
62.59
3.77
48.7
62.71
3.78
48.81
62.72
3.79
48.74
62.58
3.78
48.75
62.5
3.78
48.66
62.52
3.77
48.82
62.67
3.77
48.69
62.84
3.78
48.64
62.6
3.77
48.69
62.81
3.77
48.72
62.84
3.78
48.69
62.64
3.77
48.82
62.7
3.77
48.65
62.62
3.77
48.61
62.64
3.77
48.71
62.61
3.77
48.74
62.62
3.78
48.7
62.65
3.79
48.62
62.72
3.78
48.74
62.7
3.78
48.78
62.65
3.78
48.88
62.77
3.78
48.67
62.81
3.78
48.66
62.76
3.78
48.86
62.75
3.77
48.83
62.63
3.78
48.86
62.73
3.78
48.69
62.8
3.78
48.87
62.51
3.79
48.76
62.74
3.79
48.67
62.63
3.78
48.83
62.67
3.79
48.8
62.68
3.78
48.71
62.85
3.78
48.76
62.74
3.77
19.97
62.76
3.77
48.78
62.93
3.78
48.66
62.73
3.78
48.72
62.64
3.78
48.72
62.69
3.78
48.65
62.81
3.77
48.63
62.68
3.79
48.64
62.8
3.79
48.65
62.7
3.78
48.71
62.74
3.77
48.64
62.88
3.78
48.75
62.72
3.78
48.85
62.7
3.78
48.61
62.68
3.78
48.82
62.72
3.79
48.81
62.78
3.78
48.64
61.35
3.78
48.87
61.6
3.78
48.69
60.87
3.78
48.87
61.17
3.77
48.69
61.02
3.76
48.59
61.24
3.78
48.7
61.4
3.78
48.8
61.08
3.77
48.67
61.36
3.77
48.76
61.4
3.78
49.96
61.24
3.77
49.3
61.26
3.77
48.7
61.33
3.78
48.86
61.25
3.78
48.81
61.29
3.77
48.73
61.27
3.78
48.78
61.25
3.77
48.8
61.31
3.77
48.64
61.26
3.77
49.71
61.21
3.78
48.98
61.06
3.77
49.16
61.26
3.77
48.47
61.21
3.77
48.76
61.23
3.77
48.7
61.01
3.78
48.74
60.95
3.78
48.9
61.1
3.78
48.72
60.78
3.78
48.88
60.93
3.78
49.21
60.99
3.76
48.72
60.97
3.78
48.76
60.98
3.77
48.82
61.17
3.77
48.97
61.01
3.77
48.71
60.83
3.78
48.69
61.29
3.76
48.58
48.62
60.92
3.77
48.66
48.65
61.19
3.77
48.71
61.43
3.77
48.71
60.93
3.77
48.57
61.18
3.77
48.67
61.16
3.78
48.93
61.01
3.78
48.74
61.19
3.78
49.09
61.1
3.79
48.83
61.13
48.6
62.6
3.77
48.73
62.67
3.77
48.56
62.75
3.77
48.79
62.65
3.77
48.54
62.73
3.77
48.73
62.75
3.77
48.69
62.81
3.78
48.68
62.75
3.78
48.81
62.63
3.78
48.76
62.59
3.77
48.71
62.67
3.77
48.66
62.58
3.76
48.9
62.64
3.77
48.68
62.53
3.76
48.67
62.55
3.77
48.74
62.63
3.77
48.74
62.59
3.78
48.75
62.54
3.77
48.55
62.73
3.78
48.67
62.51
3.77
48.56
62.83
3.77
48.58
62.63
3.77
48.77
61.3
3.77
48.67
49.03
61.2
48.76
62.7
3.77
48.72
62.59
3.78
48.49
62.71
3.77
48.63
62.78
3.78
35.8
62.66
3.76
48.66
62.61
48.56
62.54
3.77
48.69
62.53
3.77
48.76
62.44
3.78
48.7
62.44
3.76
48.69
62.53
3.77
48.6
62.61
3.77
48.7
62.54
3.77
48.68
62.6
3.77
48.67
62.74
